(this.webpackJsonpcollab3d=this.webpackJsonpcollab3d||[]).push([[0],{18:function(e,t,n){e.exports=n(26)},24:function(e,t,n){},25:function(e,t,n){},26:function(e,t,n){"use strict";n.r(t);var a=n(4),i=n(11),o=n(8),r=n(5),s=n(7),c=n(1),l=n.n(c),m=n(14),u=n.n(m),d=n(9),h=n(0),p=n(15),b=n(16),f=function(e){function t(e){var n;return Object(a.a)(this,t),(n=Object(o.a)(this,Object(r.a)(t).call(this,e))).setCameraPosition=n.setCameraPosition.bind(Object(d.a)(n)),n.start=n.start.bind(Object(d.a)(n)),n.stop=n.stop.bind(Object(d.a)(n)),n.animate=n.animate.bind(Object(d.a)(n)),n}return Object(s.a)(t,e),Object(i.a)(t,[{key:"componentDidMount",value:function(){this.props.setCameraPosition(this.setCameraPosition);var e=new h.Z;e.background=new h.g(13421772);var t=new h.P(60,window.innerWidth/window.innerHeight,1,1e3);t.position.set(-2,0,-3),t.lookAt(new h.nb(0,0,0));var n=new h.qb({antialias:!0});n.outputEncoding=h.rb,n.setSize(.6*window.innerWidth,.9*window.innerHeight);var a=new p.a(t,n.domElement);a.minDistance=1,a.maxDistance=500,a.maxPolarAngle=Math.PI,(new b.a).setPath("models/gltf/microphone/").load("scene.gltf",(function(t){e.add(t.scene)}),(function(e){console.log("".concat(e.loaded/e.total*100,"% loaded"))}),(function(e){console.error("An error happened",e)})),this.scene=e,this.camera=t,this.controls=a,this.renderer=n,this.mount.appendChild(this.renderer.domElement),this.start()}},{key:"shouldComponentUpdate",value:function(e,t){return console.log("Update Time"),!1}},{key:"setCameraPosition",value:function(e){console.log("setting position to:"+e),this.camera.matrix.fromArray(e),this.camera.matrix.decompose(this.camera.position,this.camera.quaternion,this.camera.scale)}},{key:"componentWillUnmount",value:function(){this.stop(),this.mount.removeChild(this.renderer.domElement)}},{key:"start",value:function(){this.frameId||(this.frameId=requestAnimationFrame(this.animate))}},{key:"stop",value:function(){cancelAnimationFrame(this.frameId)}},{key:"animate",value:function(){this.renderScene();var e=JSON.stringify(this.camera.matrix.toArray());console.log(e),this.frameId=window.requestAnimationFrame(this.animate)}},{key:"renderScene",value:function(){this.renderer.render(this.scene,this.camera)}},{key:"render",value:function(){var e=this;return l.a.createElement("div",{ref:function(t){e.mount=t}})}}]),t}(c.Component),v=(n(23),n(24),n(27)),y=n(30),O=n(28),j=n(29),k=(n(25),function(e){function t(){return Object(a.a)(this,t),Object(o.a)(this,Object(r.a)(t).apply(this,arguments))}return Object(s.a)(t,e),Object(i.a)(t,[{key:"render",value:function(){return l.a.createElement("div",null,"I am a top bar. please fix me")}}]),t}(l.a.Component)),w=function(e){function t(){return Object(a.a)(this,t),Object(o.a)(this,Object(r.a)(t).apply(this,arguments))}return Object(s.a)(t,e),Object(i.a)(t,[{key:"render",value:function(){var e=this;return l.a.createElement(v.a,{style:{border:"2px solid black"}},l.a.createElement(O.a,{style:{border:"2px solid red"}},l.a.createElement(k,null)),l.a.createElement(O.a,null,l.a.createElement(j.a,{style:{border:"2px solid green"}}," "),l.a.createElement(j.a,{xs:9,style:{border:"2px solid blue"}},l.a.createElement(f,{setCameraPosition:function(t){return e.setCameraPosition=t}})),l.a.createElement(j.a,{style:{border:"2px solid green"}},l.a.createElement(y.a,{onClick:function(){return e.setCameraPosition([.8876483038068422,0,.46052197423015095,0,.143698258438904,.9500711177409453,-.27697595880526665,0,-.4375286268011064,.3120334456984873,.8433290161586208,0,-1.5926282414090294,1.135818886907916,3.0697639552267915,1])}},"Position 1"),l.a.createElement(y.a,{onClick:function(){return e.setCameraPosition([-.9990864021979794,0,.04273594439224533,0,.026569622732542743,.7832427130760378,.6211480560712863,0,-.033472617031648916,.6217160544921511,-.782527144254923,0,-.1218421651361034,2.2630805983163875,-2.848441800760354,1])}},"Position 2"),l.a.createElement(y.a,{onClick:function(){return e.setCameraPosition([-.992904594169215,0,-.11891369508036442,0,.11228505451656628,.32921006243195794,-.9375568256515217,0,.03914758498142157,-.944256710218967,-.32687418343542496,0,.14114862496109934,-3.404565985895425,-1.178561629001846,1])}},"Position 3"))))}}]),t}(l.a.Component);u.a.render(l.a.createElement(w,null),document.getElementById("root"))}},[[18,1,2]]]);
//# sourceMappingURL=main.560721c5.chunk.js.map